1	0	101689
2	800	101714
3	1600	102743
4	2400	102757
5	3200	103827
6	4000	104925
7	4800	106034
8	5600	106040
9	6400	108223
10	7200	110321
11	8000	112425
12	8821	115618
13	9621	116739
14	10421	119917
15	11221	121008
16	12021	124174
17	12821	126344
18	13621	127445
19	14421	130611
20	15221	132800
21	16021	133902
22	16821	137054
23	17621	139216
24	18421	141380
25	19221	143543
26	20021	145709
27	20821	146805
28	21621	150015
29	22421	151092
30	23221	154264
31	24021	156426
32	24821	158588
33	25621	160774
34	26421	161851
35	27221	165014
36	28021	167176
37	28821	169368
38	29621	170451
39	30421	173652
40	31221	174756
41	32021	177948
42	32821	180141
43	33621	181230
44	34421	183341
45	35221	186544
46	36021	188720
47	36821	189794
48	37621	192956
49	38421	195119
50	39221	197282
51	40021	198405
52	40821	201613
53	41621	202699
54	42421	205866
55	43221	208026
56	44021	210187
57	44821	212357
58	45621	213460
59	46421	216619
60	47221	218794
61	48021	220956
62	48821	222043
63	49621	225204
64	50421	227369
65	51221	229531
66	52021	231692
67	52821	233855
68	53621	234942
69	54421	238103
70	55221	240264
71	56021	242435
72	56821	244585
73	57621	246757
74	58421	247844
75	59221	251005
76	60021	253173
77	60821	255333
78	61621	257497
79	62421	259660
80	63221	260748
81	64021	263909
82	64821	266068
83	65621	268231
84	66421	270393
85	67221	272554
86	68021	273656
87	68821	276814
88	69621	278985
89	70421	280100
90	71221	283271
91	72021	285432
92	72821	287594
93	73621	289756
94	74421	290856
95	75221	294018
96	76021	296189
97	76821	297319
98	77621	300478
99	78421	302640
100	79221	304801
101	80021	305896
102	80821	309055
103	81621	311213
104	82421	313368
105	83221	315523
106	84021	317696
107	84821	318782
108	85621	321946
109	86421	324093
110	87221	326271
111	88021	328418
112	88821	330590
113	89621	332767
114	90421	333853
115	91221	337038
116	92021	339197
117	92821	340284
118	93621	343444
119	94421	345604
120	95221	347763
121	96021	349923
122	96821	352070
123	97621	354231
124	98421	356377
125	99221	358535
126	100027	360700
127	100827	361798
128	101639	364990
129	102439	367137
130	103239	368220
131	104039	371378
132	104839	373535
133	105639	375691
134	106439	377851
135	107239	380010
136	108039	382169
137	108839	384313
138	109639	386458
139	110439	388616
140	111239	390774
141	112039	391858
142	112839	395016
143	113639	397172
144	114439	399329
145	115239	401487
146	116039	403644
147	116839	405837
148	117639	407994
149	118439	409089
150	119239	411297
151	120039	413395
152	120839	416549
153	121639	418704
154	122439	420850
155	123239	423020
156	124039	425158
157	124839	427312
158	125639	429466
159	126439	431620
160	127239	433777
161	128039	435932
162	128839	438089
163	129639	440229
164	130439	442378
165	131239	444506
166	132039	446653
167	132839	448790
168	133639	450928
169	134439	453065
170	135239	455192
171	136039	457344
172	136839	459467
173	137639	461604
174	138439	463741
175	139240	465879
176	140040	468046
177	140840	470214
178	141640	472347
179	142440	474484
180	143240	476623
181	144040	478766
182	144840	480922
183	145640	483080
184	146440	485236
185	147240	487391
186	148040	489548
187	148840	491704
188	149640	493861
189	150440	496020
190	151240	498179
191	152040	500324
192	152840	502469
193	153640	504641
194	154440	506784
195	155240	508942
196	156040	511100
197	156840	513258
198	157640	515415
199	158440	517573
200	159240	519717
201	160040	521859
202	160840	524019
203	161640	526176
204	162440	528319
205	163240	530463
206	164040	532624
207	164840	534776
208	165640	536946
209	166440	539105
210	167240	541261
211	168040	543418
212	168840	545575
213	169640	547731
214	170440	549889
215	171240	550975
216	172040	554135
217	172840	556293
218	173640	558438
219	174440	560595
220	175240	562739
221	176040	564897
222	176840	567054
223	177640	569231
224	178440	571387
225	179240	572473
226	180040	575630
227	180840	577787
228	181640	579944
229	182440	582104
230	183240	584269
231	184040	586399
232	184840	588545
233	185640	590678
234	186440	592808
235	187240	594950
236	188040	597083
237	188840	599207
238	189640	601350
239	190440	603490
240	191240	605649
241	192040	607763
242	192840	609904
243	193640	612044
244	194440	614188
245	195240	616345
246	196040	618503
247	196840	620660
248	197640	622817
249	198451	624977
250	199251	627133
251	200051	629292
252	200851	631449
253	201651	633619
254	202451	635804
255	203251	637948
256	204051	640132
257	204851	642285
258	205651	644442
259	206451	646600
260	207251	648769
261	208051	650915
262	208851	653082
263	209651	654166
264	210451	657325
265	211251	659494
266	212051	661651
267	212851	663807
268	213651	665964
269	214451	668127
270	215251	670283
271	216051	671367
272	216851	674524
273	217651	676680
274	218451	678837
275	219251	680993
276	220051	683160
277	220851	685306
278	221651	687474
279	222451	689645
280	223251	690729
281	224051	693889
282	224851	696046
283	225651	698203
284	226451	700360
285	227251	702516
286	228051	704673
287	228851	706829
288	229651	707914
289	230451	711070
290	231251	713227
291	232051	715384
292	232851	717553
293	233651	719709
294	234451	721886
295	235251	722978
296	236051	726165
297	236851	728327
298	237651	729412
299	238451	732588
300	239251	734745
301	240051	736902
302	240851	739059
303	241651	741215
304	242451	743372
305	243251	745530
306	244051	746614
307	244851	749771
308	245651	751928
309	246451	754085
310	247251	756251
311	248051	758427
312	248851	759512
313	249651	762674
314	250451	764831
315	251251	766988
316	252051	769145
317	252851	771293
318	253651	773465
319	254451	775622
320	255251	776710
321	256051	779867
322	256851	782025
323	257651	784183
324	258451	786341
325	259251	788498
326	260051	790669
327	260851	791766
328	261651	794923
329	262451	797095
330	263251	799267
331	264051	800387
332	264851	802564
333	265651	804720
334	266451	806897
335	267251	809042
336	268051	811217
337	268851	813396
338	269651	815549
339	270451	817685
340	271251	819861
341	272051	822032
342	272851	824212
343	273651	826401
344	274451	828585
345	275251	830751
346	276051	832927
347	276851	835105
348	277651	837280
349	278451	839454
350	279251	841630
351	280051	843811
352	280851	845963
353	281651	848139
354	282451	850316
355	283251	852493
356	284051	854667
357	284851	856846
358	285651	859021
359	286451	861198
360	287251	863374
361	288051	865689
362	288851	867977
363	289651	870293
364	290451	871470
365	291251	873647
366	292051	875822
367	292851	877998
368	293651	880173
369	294451	882349
370	295251	884524
371	296051	886699
372	296851	888877
373	297651	891054
374	298451	893239
375	299251	895390
376	300051	897543
377	300851	899720
378	301651	901894
379	302451	904069
380	303251	906256
381	304051	908428
382	304851	910603
383	305651	912781
384	306451	915012
385	307251	917219
386	308051	919426
387	308851	921659
388	309651	923901
389	310451	926146
390	311253	927271
391	312053	929438
392	312853	931586
393	313653	933728
394	314453	935897
395	315253	938065
396	316053	940234
397	316853	942404
398	317653	944582
399	318453	946750
400	319253	948923
401	320053	951065
402	320853	953235
403	321653	955404
404	322453	957573
405	323253	959740
406	324053	961891
407	324853	964054
408	325653	966197
409	326453	968371
410	327253	970535
411	328053	972708
412	328853	974876
413	329653	977048
414	330453	979216
415	331253	981387
416	332053	983562
417	332853	985726
418	333653	987895
419	334453	990065
420	335253	992235
421	336053	994405
422	336853	996585
423	337653	998754
424	338453	1000889
425	339253	1003023
426	340053	1005194
427	340853	1007363
428	341653	1009537
429	342453	1011705
430	343253	1013999
431	344053	1016243
432	344853	1018462
433	345653	1020701
434	346453	1021850
435	347253	1024013
436	348053	1026187
437	348853	1028355
438	349653	1030527
439	350453	1032698
440	351253	1034867
441	352053	1037036
442	352853	1039215
443	353653	1041390
444	354453	1043560
445	355253	1045730
446	356053	1047897
447	356853	1050070
448	357653	1052241
449	358453	1054410
450	359253	1056597
451	360053	1058762
452	360853	1060930
453	361653	1063098
454	362453	1065268
455	363253	1067403
456	364053	1069575
457	364853	1071770
458	365653	1073914
459	366453	1076084
460	367253	1078254
461	368053	1080422
462	368853	1082591
463	369653	1084762
464	370453	1086930
465	371253	1089064
466	372053	1091234
467	372853	1093429
468	373653	1095786
469	374453	1098095
470	375253	1099264
471	376053	1101404
472	376853	1103569
473	377653	1105738
474	378453	1107907
475	379253	1110075
476	380053	1112243
477	380853	1114380
478	381653	1116518
479	382453	1118691
480	383253	1120859
481	384053	1123027
482	384853	1125183
483	385653	1127326
484	386453	1129501
485	387253	1131668
486	388053	1133839
487	388853	1136004
488	389653	1138204
489	390453	1140400
490	391253	1142567
491	392053	1144737
492	392853	1146904
493	393653	1149074
494	394453	1151242
495	395253	1153418
496	396053	1155591
497	396853	1157767
498	397653	1159935
499	398453	1162106
500	399253	1164273
501	400053	1166443
502	400853	1168611
503	401653	1170778
504	402453	1172948
505	403253	1175214
506	404053	1177521
507	404853	1179826
508	405653	1180996
509	406453	1183162
510	407253	1185329
511	408054	1187500
512	408854	1189650
513	409654	1191796
514	410454	1193970
515	411254	1196137
516	412054	1198308
517	412854	1200519
518	413654	1202643
519	414454	1204814
520	415254	1206983
521	416054	1209153
522	416854	1211319
523	417654	1213442
524	418454	1215518
525	419254	1217602
526	420054	1219685
527	420854	1221802
528	421654	1223969
529	422454	1226137
530	423254	1228306
531	424054	1230474
532	424854	1232607
533	425654	1234745
534	426454	1236890
535	427254	1239058
536	428054	1241229
537	428854	1243396
538	429654	1245564
539	430454	1247733
540	431254	1249902
541	432054	1252072
542	432854	1254239
543	433654	1256406
544	434454	1258574
545	435254	1260746
546	436054	1262913
547	436854	1265081
548	437654	1267250
549	438454	1269418
550	439254	1271587
551	440054	1273737
552	440854	1275860
553	441654	1278030
554	442457	1280199
555	443257	1282370
556	444057	1284512
557	444857	1286683
558	445657	1288855
559	446457	1291024
560	447257	1293195
561	448057	1295361
562	448857	1297529
563	449657	1299698
564	450457	1301853
565	451257	1304020
566	452057	1306191
567	452857	1308361
568	453657	1310532
569	454457	1312838
570	455265	1315143
571	456065	1317450
572	456865	1318618
573	457665	1320795
574	458465	1322963
575	459265	1325132
576	460065	1327289
577	460865	1329411
578	461665	1331581
579	462465	1333747
580	463265	1335912
581	464065	1338085
582	464865	1340246
583	465665	1342413
584	466465	1344580
585	467265	1346746
586	468065	1348913
587	468865	1351077
588	469665	1353246
589	470465	1355412
590	471265	1357580
591	472065	1359746
592	472865	1361911
593	473665	1364077
594	474465	1366244
595	475265	1368408
596	476065	1370558
597	476865	1372702
598	477665	1374869
599	478465	1377038
600	479265	1379203
601	480065	1381371
602	480865	1383536
603	481665	1385702
604	482465	1387866
605	483265	1390032
606	484065	1392198
607	484865	1394365
608	485665	1396532
609	486465	1398699
610	487265	1401002
611	488065	1403275
612	488865	1405577
613	489665	1406743
614	490465	1408912
615	491265	1411076
616	492065	1413241
617	492865	1415411
618	493665	1417575
619	494465	1419740
620	495265	1421891
621	496065	1424009
622	496865	1426175
623	497665	1428339
624	498465	1430506
625	499265	1432663
626	500065	1434791
627	500865	1436941
628	501665	1439102
629	502465	1441270
630	503265	1443435
631	504065	1445601
632	504865	1447764
633	505665	1449929
634	506465	1452102
635	507265	1454267
636	508065	1456411
637	508865	1458548
638	509665	1460717
639	510465	1462884
640	511265	1465062
641	512065	1467230
642	512865	1469398
643	513665	1471562
644	514465	1473727
645	515265	1475891
646	516065	1478057
647	516865	1480223
648	517665	1482388
649	518465	1484560
650	519265	1486727
651	520065	1488892
652	520865	1491060
653	521665	1493225
654	522465	1495373
655	523265	1497502
656	524065	1499672
657	524865	1501840
658	525665	1504007
659	526465	1506172
660	527265	1508338
661	528065	1510640
662	528865	1512902
663	529665	1515147
664	530465	1517387
665	531265	1518502
666	532065	1520647
667	532865	1522816
668	533665	1524989
669	534465	1527160
670	535265	1529331
671	536065	1531497
672	536865	1533662
673	537665	1535827
674	538465	1537928
675	539265	1540094
676	540065	1542262
677	540865	1544435
678	541665	1546604
679	542465	1548773
680	543265	1550938
681	544065	1553104
682	544865	1555276
683	545665	1557441
684	546465	1559608
685	547265	1561731
686	548065	1563900
687	548865	1566069
688	549665	1568239
689	550465	1570407
690	551265	1572580
691	552065	1574760
692	552865	1576933
693	553665	1579102
694	554465	1581275
695	555265	1583443
696	556065	1585609
697	556865	1587773
698	557665	1589938
699	558465	1592103
700	559265	1594272
701	560065	1596443
702	560865	1598608
703	561665	1600778
704	562465	1603059
705	563265	1605346
706	564065	1607648
707	564865	1608816
708	565665	1610982
709	566465	1613152
710	567265	1615317
711	568065	1617486
712	568865	1619651
713	569665	1621817
714	570465	1623924
715	571265	1626103
716	572065	1628271
717	572865	1630437
718	573665	1632585
719	574465	1634705
720	575265	1636879
721	576065	1639053
722	576865	1641226
723	577665	1643397
724	578465	1645566
725	579265	1647734
726	580065	1649901
727	580865	1652073
728	581665	1654238
729	582465	1656412
730	583265	1658578
731	584065	1660746
732	584865	1662911
733	585665	1665077
734	586465	1667243
735	587265	1669410
736	588065	1671573
737	588865	1673739
738	589665	1675903
739	590465	1678067
740	591265	1680233
741	592065	1682384
742	592865	1684487
743	593665	1686658
744	594465	1688830
745	595265	1690998
746	596065	1693168
747	596865	1695337
748	597665	1697503
749	598465	1699668
750	599265	1701962
751	600065	1704172
752	600865	1706420
753	601665	1708667
754	602465	1710913
755	603265	1712035
756	604065	1714209
757	604865	1716385
758	605665	1718561
759	606465	1720710
760	607265	1722876
761	608065	1725044
762	608865	1727209
763	609665	1729376
764	610465	1731542
765	611265	1733708
766	612065	1735875
767	612865	1738042
768	613665	1740207
769	614465	1742373
770	615265	1744541
771	616065	1746709
772	616865	1748875
773	617665	1751040
774	618465	1753190
775	619265	1755317
776	620065	1757441
777	620865	1759609
778	621665	1761780
779	622465	1763947
780	623265	1766121
781	624065	1768285
782	624865	1770451
783	625665	1772617
784	626465	1774783
785	627265	1776950
786	628065	1779114
787	628865	1781263
788	629665	1783427
789	630465	1785579
790	631265	1787724
791	632065	1789890
792	632865	1792054
793	633665	1794220
794	634465	1796367
795	635265	1798481
796	636065	1800651
797	636865	1802765
798	637665	1804930
799	638465	1807095
800	639265	1809263
801	640065	1811429
802	640865	1813597
803	641665	1815765
804	642465	1818071
805	643265	1820393
806	644065	1822706
807	644865	1823875
808	645665	1826043
809	646465	1828207
810	647265	1830375
811	648065	1832544
812	648869	1834710
813	649669	1836879
814	650469	1839044
815	651269	1841210
816	652069	1843375
817	652869	1845541
818	653669	1847707
819	654469	1849875
820	655269	1852041
821	656069	1854207
822	656869	1856363
823	657669	1858484
824	658469	1860651
825	659269	1862817
826	660069	1864984
827	660869	1867150
828	661669	1869316
829	662469	1871478
830	663269	1873645
831	664069	1875811
832	664869	1877977
833	665669	1880142
834	666469	1882307
835	667269	1884455
836	668069	1886621
837	668869	1888749
838	669669	1890920
839	670469	1893085
840	671269	1895229
841	672069	1897371
842	672869	1899538
843	673669	1901709
844	674469	1903869
845	675269	1906033
846	676069	1908199
847	676869	1910365
848	677669	1912671
849	678469	1914973
850	679269	1917202
851	680069	1919405
852	680869	1920526
853	681669	1922691
854	682469	1924860
855	683269	1927027
856	684069	1929192
857	684869	1931358
858	685669	1933524
859	686469	1935691
860	687269	1937857
861	688069	1940025
862	688869	1942192
863	689669	1944368
864	690469	1946535
865	691269	1948702
866	692069	1950875
867	692869	1953069
868	693669	1955210
869	694469	1957354
870	695269	1959491
871	696069	1961658
872	696869	1963793
873	697669	1965960
874	698469	1968125
875	699269	1970290
876	700069	1972456
877	700869	1974623
878	701669	1976789
879	702469	1978955
880	703269	1981121
881	704069	1983285
882	704869	1985451
883	705669	1987616
884	706469	1989780
885	707269	1991928
886	708069	1994066
887	708869	1996206
888	709669	1998372
889	710469	2000492
890	711269	2002660
891	712069	2004794
892	712869	2006958
893	713669	2009122
894	714469	2011283
895	715269	2013446
896	716069	2015611
897	716869	2017776
898	717669	2019941
899	718469	2022106
900	719269	2024270
901	720069	2026434
902	720869	2028584
903	721669	2030721
904	722469	2032812
905	723269	2034886
906	724069	2036967
907	724869	2039013
908	725669	2041073
909	726469	2043156
910	727269	2045245
911	728069	2047349
912	728869	2049530
913	729669	2051686
914	730469	2053868
915	731269	2056034
916	732069	2058200
917	732869	2060370
918	733669	2062536
919	734469	2064685
920	735269	2066823
921	736069	2068991
922	736869	2071160
923	737669	2073327
924	738469	2075494
925	739269	2077661
926	740069	2079828
927	740869	2081995
928	741669	2084160
929	742469	2086329
930	743269	2088498
931	744069	2090671
932	744869	2092837
933	745669	2095003
934	746469	2097169
935	747269	2099341
936	748069	2101508
937	748869	2103658
938	749669	2105778
939	750469	2107946
940	751269	2110127
941	752069	2112307
942	752869	2114475
943	753669	2116646
944	754469	2118810
945	755269	2120977
946	756069	2123145
947	756869	2125312
948	757669	2127479
949	758469	2129648
950	759269	2131953
951	760069	2134259
952	760869	2136561
953	761669	2137703
954	762469	2139871
955	763269	2142039
956	764069	2144204
957	764869	2146371
958	765669	2148519
959	766469	2150686
960	767269	2152852
961	768069	2155023
962	768869	2157190
963	769669	2159356
964	770469	2161524
965	771269	2163689
966	772069	2165854
967	772869	2168021
968	773669	2170192
969	774469	2172362
970	775269	2174528
971	776069	2176668
972	776871	2178832
973	777671	2181002
974	778471	2183168
975	779271	2185333
976	780071	2187499
977	780871	2189666
978	781671	2191832
979	782471	2194000
980	783271	2196167
981	784071	2198332
982	784871	2200501
983	785671	2202667
984	786471	2204834
985	787271	2207000
986	788071	2209168
987	788871	2211333
988	789671	2213482
989	790471	2215616
990	791271	2217781
991	792071	2219948
992	792871	2222195
993	793671	2224438
994	794471	2226679
995	795271	2228924
996	796071	2231166
997	796871	2232303
998	797671	2234466
999	798471	2236634
1000	799271	2238801
